197.66 317.88
127.84 209.35
126.95 221.76
128.43 235.6
130.44 247
132.91 260.82
137.81 276.32
147.11 291.28
158.95 304.13
176.11 313.45
260.51 207.84
261.57 215.84
264.11 229.02
263.42 243.33
261.66 258.45
257.92 275.31
249.61 293.27
238.15 306.22
223.62 314.45
165.16 213.84
165.59 210.5
149.58 210.5
156.04 212.87
171.96 214.01
165.2 209.45
176.61 212.19
162.9 205.39
154.53 207.13
173.7 207.79
143.46 193.38
152.66 191.97
162.97 191.28
172.47 192.61
182.81 193.09
148.82 185.52
162.28 184.41
175.18 186.5
174.06 283.59
198.15 289.87
188.68 282.59
183.24 285.29
190.18 289.29
210.33 282.54
215.83 283.87
207.9 288.03
199.82 282.88
222.51 280.55
199.03 278.25
190.96 273.59
181.01 278.09
188.76 277.9
206.59 273.27
217.44 276.37
209.34 278.48
199.41 271.69
189.47 211.43
182.92 242.08
188.78 253.29
197.59 255.62
208.17 211.58
213.82 240.93
207.47 252.85
177.21 251.92
218.51 252.16
197.44 245.23
228.04 211.92
227.1 207.89
214.56 212.14
222.85 212.36
235.4 209.84
225.9 209.19
240.24 207.04
230.78 202.65
218.07 206.34
236.96 203.22
208.95 191.08
221.48 190.51
231.88 188.82
242.73 188.66
249.39 189.84
231.53 182.67
219.95 185.44
243.06 184.22