2.3933 -72.179
70.264 38.588
71.435 26.117
70.251 12.159
68.482 0.64302
66.303 -13.316
61.712 -29.029
52.688 -44.296
41.051 -57.482
23.989 -67.244
-63.289 37.175
-64.176 29.109
-66.444 15.79
-65.434 1.3979
-63.329 -13.777
-59.188 -30.662
-50.427 -48.552
-38.609 -61.344
-23.801 -69.292
32.803 33.244
32.302 36.599
48.412 36.952
41.96 34.421
25.976 32.922
32.67 37.665
21.247 34.656
34.899 41.803
43.367 40.234
24.082 39.14
54.195 54.315
44.904 55.535
34.51 55.992
24.982 54.455
14.579 53.738
48.625 62.105
35.061 62.923
22.121 60.536
25.393 -37.145
1.2824 -44.005
10.659 -36.463
16.192 -39.067
9.2949 -43.24
-11.138 -36.893
-16.643 -38.35
-8.5664 -42.363
-0.54643 -37.005
-23.431 -35.159
0.14836 -32.322
8.1612 -27.457
18.275 -31.766
10.47 -31.748
-7.5802 -27.481
-18.431 -30.843
-10.225 -32.79
-0.38644 -25.723
8.2905 35.134
15.558 4.4281
9.9074 -6.9759
1.0936 -9.5204
-10.521 34.575
-15.566 4.9139
-8.9129 -6.9515
21.527 -5.3473
-20.034 -6.4971
1.0168 0.94363
-30.515 33.789
-29.654 37.864
-16.951 33.859
-25.282 33.464
-37.966 35.718
-28.42 36.588
-42.896 38.43
-33.476 43.058
-20.604 39.625
-39.687 42.345
-11.759 55.182
-24.394 55.475
-34.891 56.95
-45.81 56.877
-52.491 55.538
-34.675 63.147
-22.954 60.62
-46.239 61.333
